135594712
136529983
135162422
137055070
140697466
135244835
132229740
135241009
134413467
133743040
136023955
134701348
132677369
135926525
137984645
134999056
138737275
133635848
135162370
136954287
133669840
132222962
137090418
135162402
135162505
138133288
137090570
132625071
135319417
136024252
135044540
137064295
138644348
138585000
135912368
137060480
134602527
134413373
135044238
136953639
142524413
135166847
134114257
135162585
136024352
135319431
135478414
132222775
142524331
134701336
135687989
137055302
136974918
138641778
134701430
137985111
135926552
132665938
136954272
135240559
135167518
137055086
136974969
132665980
133376144
134830156
137973781
132222910
138644005
132670035
134931415
135130326
135162440
138585061
134999138
137001094
138474735
132228920
137485718
135478507
136936361
135912381
134547935
133743208
135195811
135912272
135162542
132672057
132223039
132228881
138737359
138737233
135478489
135926597
135162480
134999111
135195545
134590814
136930105
138826150
135045463
135687982
132222871
135162313
135041537
136526983
137060552
138426863
137081798
136998869
132222728
138641705
135319423
136931056
138737378
134109079
137985315
136024409
135437723
135594783
135162333
132665274
134830171
136521251
137090599
135241529
137055229
135130541
135240306
134701455
135915492
137984625
137060595
135478453
135162289
138737182
135195627
135319460
132280780
134731684
137055044
136670733
136692842
137973753
137055149
142534707
134702918
135915463
137055146
135162602
135195478
138384651
135244400
136521206
132669883
137055249
135915518
135478399
135130156
136525609
136955270
137090478
137618686
133743216
133740130
136655119
135195415
132222700
135594748
138530089
135241755
135319469
134590752
138643964
137078116
137005939
136955199
137055124
137090746
135242213
135130181
137081035
137001558
137078084
136930254
132222797
137060533
134829991
135594915
134541306
137984554
134730635
138737335
137683038
135437699
135490177
136607240
137055176
138431135
134565571
134542309
134423156
137060493
133376256
133682835
132624944
137090604
135688060
136024376
135130451
136964803
135915437
136964773
135040045
136612807
134114812
135319403
137091232
137984582
136964820
