106983254
101999593
78587915
90002184
114639285
85283550
68449214
117078982
115234839
107011376
92935422
114482015
80978853
85685118
86983459
118042458
112633917
91239083
90045016
68332707
68912023
123649704
121546217
121410803
112667796
119799131
78616561
91016564
68298215
117093269
93506629
124136759
112593401
106446577
118051056
68275821
117315763
69125408
101822126
103389769
119708242
81658086
81650526
102533675
91530668
118478709
84470370
91795805
119291831
109132875
68298208
123767673
80599017
82618235
81657898
118640246
101181083
124146804
113659142
124228854
112573384
96816405
124118424
116765548
91255000
109575341
114500905
121171033
91011080
116834947
112364972
124130129
116990632
83409417
121515410
96817174
82035084
78616075
92892165
85684397
68483218
111232965
91790644
108977837
114593588
101795848
81724587
82063060
91790709
100806129
112593528
85519051
97582412
82035082
117067149
80905008
79582062
85241007
121422389
104578094
89967800
103641775
92903161
110198347
112349521
109429863
85001488
87803550
117239336
117038385
79407703
90751092
103725439
119703895
82488078
114530923
113631668
119876518
84470367
83668035
114500746
85469170
78728847
117024918
115053856
103556641
115774300
115525732
102675485
115193598
79600569
84677045
112674962
96208738
92952382
104361145
111753220
102410410
118604518
91024713
117519253
100090193
116854414
97770804
114531159
114600415
119888005
112139514
101579008
80200274
85241017
111630336
116987914
90691638
90761429
116522048
112135829
124233167
119692844
82915236
115010663
91353863
124135407
85518625
90242829
91347184
117092733
81269094
91751028
114600949
80200064
124240747
108917642
108748202
92892163
84608887
68148061
113454704
114594840
90715873
112615101
97770898
116980195
86211851
104584949
82910235
94729120
78615690
82619752
110078089
100092270
113633183
111235605
78616758
83261365
97901504
108498697
122138632
112110172
68299299
67308225
83667733
109817972
78728815
108566829
113630181
91316145
112745952
115069695
124116570
118618920
101252946
144892021
95643652
75681235
97936242
69125410
106450893
111414416
117071871
87435995
115109524
124203628
113338615
87422979
114689530
119712454
123774142
83260505
112362897
119898264
75682184
90230992
82033318
122126006
115480701
115053711
115109579
115084891
85243250
79408175
119864944
114735395
116937616
92952381
84865053
82488081
124557526
111409594
95974263
115735197
93865171
118449164
91579787
113465706
117062419
101051181
100444170
117022834
104885993
109575222
89603869
116936336
97588634
68166220
117292975
84971478
67309344
115306291
100807105
117025531
109051758
91021008
87422977
114596929
84865051
113359583
80616501
109146289
91971632
119898309
123748140
116805119
121396216
91971630
68133515
87547151
91039110
120810543
91580046
112145643
114481609
121541926
115334405
91253262
82625613
108517297
119894780
104642087
91777384
124575970
107791568
83261887
78728256
124220697
88970862
109171586
100350504
121423412
115096988
117520306
81724585
115207472
102569975
117537027
68156498
117985373
117534034
115521095
113754200
109769187
91002761
101051365
90214611
84608794
116742838
112672737
96777160
90587004
101462399
81330893
115104065
116938361
85874247
98740655
91004200
68280315
102528934
100089949
101448691
123664129
86153923
112741623
68479663
90691635
112618443
91347182
85444229
83261921
79040100
117985670
83295019
115096831
113655160
84665011
116954026
109304834
106069551
100523254
100797431
123766255
115212373
116807900
116773404
101050879
113338488
108513100
90327494
115310652
68275824
85606730
90751159
94728833
104607384
77870536
90115083
123774702
110913856
83667668
91395832
83667724
80599026
79580591
68344281
113344304
100352986
85283974
117518930
116800499
112728864
119799056
68144477
113760735
114897450
92889294
124131358
114764282
112104272
69125407
121897796
90220532
96218726
115054641
116773105
103384662
77776246
116751436
94729119
106455912
78616068
92674397
116938581
113801531
123810393
104284899
84868547
116772031
115197155
115520836
91750831
83261545
115306823
94370387
115336428
115134977
81330459
83261794
120136258
105105624
80685953
91291094
100523284
116988978
100860234
84856381
124130969
103250307
100808990
108399907
98370070
84866301
124208790
68464061
106663351
144869133
113696210
68148060
117110659
102180291
113342629
115132581
116852429
87500288
119300049
96816808
109305052
80414004
117077056
112593218
112668389
112636081
104338637
121549292
114544718
90907325
68299302
89983919
113754349
100477060
68144473
116882381
117029094
110797073
86284155
91254991
85684882
124557567
115318199
118051492
87803525
116815730
112747768
68091572
113665385
90842322
83668098
112107951
112678027
112125708
110187298
81330900
86842481
144869706
67307822
109307874
80617005
100090411
114637461
94729663
82618398
80616969
115531969
85228583
114593883
82035092
130685726
93777062
107352650
117070118
112363786
97588633
84868543
114650784
91347768
80598841
117095448
84851629
118506746
102349103
116984505
124242260
124252352
84851607
90213871
112712949
117028947
95980519
113817689
130686204
81657889
75681217
90230994
110183899
112667902
121430653
116770118
74700968
111637243
111891356
109651496
74700869
86986067
103249954
85428954
84854768
74455765
98151610
113346483
93783019
112751616
109428734
110080635
112668454
121412517
68091582
123774624
118266816
116987197
114613127
111402740
110197933
80771448
117245815
91022155
114648211
79407375
111973664
81330899
100869101
94728831
85685341
115686980
84858141
115532525
92673937
130753363
116521849
124225079
80598781
67309337
80690246
80201091
96645446
112682118
115813284
89799971
79039821
113816960
116522219
114593189
120899206
116856164
84856384
119689610
90761427
124047670
116772075
100817270
121555518
107172837
100354624
93506627
84846600
105236842
111880161
102132078
91580047
113629465
121379912
118042646
113510820
75681477
89873633
96777280
118051941
82910256
109144803
82619563
115014704
111278951
100878295
83668200
119291997
84859461
112681891
119708856
68479669
90240362
105561793
112722060
100477031
101749952
83667572
113353583
114501017
115332900
112128890
114593840
117084289
113338422
115521349
113457534
110785338
101999380
84609314
83668084
99801695
123771284
78616162
68275009
111883192
115331799
86806433
116937929
115196547
83261182
95980516
81269079
112724631
84608939
85001490
118007678
112593591
124126350
117078773
96816894
80977650
114486584
115795338
114614950
68281603
116180180
112679574
96818148
117258301
111897288
82910258
79039867
115142793
84844576
115309132
90108459
84665007
116522072
81330462
117519727
109438956
112144323
115207028
115054258
91261556
76543100
81650569
107125666
84854761
107226381
97813903
107651828
100713581
107808771
77776107
84862943
114614764
115110709
116828748
95235927
83666878
90907321
112740710
115208370
121418736
114764042
68144467
122123330
111098860
90907322
104069321
91256570
109533793
124041788
111224014
117028761
90045019
84236583
81330446
85469331
115060910
115227959
87422978
115309340
84846590
111217961
90240366
106664469
112111172
102510213
90755963
90213768
121546177
130753710
116746648
96035360
85243254
103448287
114648353
122130549
81658214
100805993
112617293
116983919
119799102
116966622
85241010
97199211
89797805
111902193
117093154
91305955
87620697
115127740
86154017
87435997
89873661
117293238
83262009
117092769
116988352
83668227
78051875
68143972
91790742
115103292
112722130
121432396
117092632
104979879
80366535
76647888
118475367
116938481
83261325
79408370
93350520
114492486
115212822
78051087
74714370
116844259
104871499
130686109
78728384
91267532
100477208
116984549
84862941
110309132
115543891
83409904
94729115
118603986
91790684
117092682
112132149
124223386
68144464
113353650
78616743
111885224
101801940
80904687
114594018
115054458
79040039
117239402
109191946
121407803
87810451
112689274
110824137
116806792
86842379
111878255
79583639
105556073
91825772
82917784
90022333
78616711
102368286
117317434
96817902
112685194
124198530
86986066
67308224
111223997
93328139
114593628
118048621
83072874
115228955
87731518
112573287
116521784
82488617
91825844
91795807
114651547
112366152
116523208
119872592
91030369
109575299
116852311
91264322
115304943
91256569
113338233
83295075
92968933
103248330
115685197
79407170
117555900
68292021
84844808
115096978
131743042
114651413
84846540
135243279
109306125
113659839
116620672
120914890
112133053
90240368
91001476
96777833
112616510
95976002
78615828
106625263
91300930
121417861
106820196
110173047
115109702
87434682
91024712
100336810
115194101
128337141
111233657
92941207
101742994
91301001
91321714
91239087
82488071
111044214
92892161
111679762
108740894
83259591
90230991
84469724
108318609
96817186
78587944
117519742
117243661
110076032
96817452
115009990
91777380
112722030
108396460
112726533
98740719
112609588
91820229
80200045
87422980
114477540
115228582
81657957
115809565
85241011
122085543
87620677
124577512
119291870
96777681
91971631
123319745
87629306
115011730
120181808
85432976
102949501
116938402
96645449
84937397
91806941
118004412
115481181
85606803
90294537
119807841
121413367
90751118
114893341
114503426
124048023
85606632
114735118
82910240
120250967
68275014
83261774
124319092
111633755
117243040
114593769
79582117
78615647
110182602
112618552
116705100
118600943
89800081
115308017
101247827
91347185
85001489
113629354
111391308
116845198
114986347
115109564
114492501
90115085
111629216
116705150
113338249
90755958
85685082
124252469
92877744
90657210
68145309
106534114
115712980
115332837
115057621
106598466
80201307
111044179
116872717
130686182
84971480
90587002
115059588
116974905
116521997
115272856
112620881
108510010
116522324
93353714
89603943
114481236
89539965
84320007
83885525
118637388
115141125
112711900
85284396
117930175
116938270
90751117
76061137
112125730
68347836
116971273
79408518
117307031
102737592
102531271
118654803
100860579
91566804
114485916
85283694
86139125
93353713
115481980
78616623
78587867
119809282
94222820
107835996
106549206
100869087
78820389
78813961
84865052
122085772
105478742
114481366
84635823
112359878
94224553
85283997
78266727
67337312
116814361
83409122
108190841
90240360
90115079
121514184
85469166
114651688
85444228
95635577
114603371
82619616
67337304
115306587
79581754
94731791
112729702
107908789
117241138
90115084
88552353
82907366
106534039
118378742
91985052
85284499
116620535
81330887
124244279
119690383
116833599
112364392
90213748
110200263
117094323
100858491
119686555
91971629
104860201
110780872
115521290
112352309
100878299
90108457
78616086
86284955
114593312
117541649
114505615
116798564
91040361
78615570
100314785
81330457
107100314
82619551
115520684
93865172
117986359
81330891
114773384
109305082
107217832
81658235
118484026
100860385
116798066
78266115
112683059
103929913
116743158
79040109
109181601
80414998
113631498
117936340
112110261
91239095
112672799
109569978
97901517
68337099
78051076
116804256
115725538
83666933
87273695
114481420
85519145
114601442
79580582
112633957
74700732
114485474
114483597
85228581
100314842
91253261
91275439
82910233
82023913
106417886
91777382
96777178
114753244
115127315
114630640
101269820
115532154
114772213
89798120
68293075
119718085
119697450
82907357
84609224
103973757
68143971
113343689
117070527
85243249
84868544
109015998
100878294
111723924
89798049
91530720
84665003
120241180
117024258
90715883
113659298
111279000
112110315
124233018
90002175
107972837
77596105
68299301
115338205
112358988
115207974
89983915
86466050
112674715
90294539
79583599
91016565
78051827
130686155
103249489
87629849
109767742
96012687
115011105
86842437
90715870
110820976
115851658
83666898
115090803
114593703
86211876
114531875
85228577
120253190
92889291
87541840
116773340
113511065
89967658
104374397
114986476
80366534
115143422
80977831
86650071
116173237
120241360
86645032
107390659
119707041
115085723
90214345
76543135
101623074
91566806
115231706
117062506
92893676
114593504
106544735
81358384
84859460
119874657
67337319
109553440
85243256
116938830
117927920
100860498
90022336
117985552
100807347
114595404
100476782
96817800
122134278
124245370
117541715
109569724
67309345
83410264
83259580
84608864
81329603
107021515
116170428
113358620
108746367
80366530
90220490
103837463
114593377
113468770
115057177
96817636
112615219
115768861
112686616
84665022
84609293
124208883
93865169
84014529
88970831
78051470
113465757
76668853
115128532
85428996
67309338
82618979
121432583
118654738
83666828
93506154
68347838
117092978
82619790
116746356
117252398
113641285
118046209
117927685
74700652
114481317
93783036
111695989
102730031
113510968
115223997
103248235
82488083
91001479
123243263
96122701
113465574
122021987
104607224
92892162
110794643
104226066
82910236
86284956
97574616
123775185
103393708
116797789
111896367
83406056
108558503
82063061
118023823
93350524
116522433
103466488
87629892
91016567
77776121
117541757
82063067
117539286
115013856
112577860
121385611
117293080
88970806
108503638
87731568
77776225
75419110
124316253
104223200
68479670
98070523
88970784
92968936
108298095
91254923
80978819
116998776
80200033
93353716
116743026
84014528
113345810
112601539
79407214
117066213
114876235
91771366
116985376
97913669
112717505
105558421
82915531
83666979
82917727
88357692
112741815
85283542
80366510
116765721
116982741
91750829
107093845
92883243
91264326
84868545
115533239
84259720
121512923
81330442
111101281
118507555
91795044
80598947
124147127
76754965
123770568
112747279
121512094
115805831
115228516
97813901
106597087
90294532
94039873
92901227
112091250
83405135
123809451
100807930
75754794
68336839
96817683
91771363
118379541
112600049
91243580
117258582
113513765
93506156
119810904
111044549
112141667
116875014
120715613
109188022
85428911
118473160
93507132
80416053
71445599
123809117
106458590
115678288
68143975
112126147
115313943
124048379
91004302
123649523
115533355
115734767
86655634
106418621
114593642
68281601
89967654
113341836
118735973
91772912
91790593
124039298
84858147
118476006
87434818
115273911
115140502
84658738
77776137
123242606
90213706
113629421
103837242
101420628
90691636
85284192
112362937
68464056
91020979
115826784
109434846
113439392
121419062
116055766
96778170
68145306
100347929
115852213
123812200
96645452
78266354
108985857
114651216
90657228
82917884
104060464
83072798
97769726
113659230
96124767
68479664
84665010
74701444
124315283
113685129
112609260
68149054
116746848
112729138
116555470
109692785
91264325
116743012
90214622
113439277
85284683
116971903
94731792
113345123
108979774
108515814
93359762
94222822
114605434
78748098
91772954
91530718
98370072
79580971
83261915
130685870
67337327
116997383
76755250
117038423
91353862
113345083
96645451
91246893
119865860
78728000
91347734
116620515
68275822
81650409
111638083
94729665
80978629
106985443
97582413
78615931
94237313
68275818
87822549
104569869
123811493
113338269
85283564
96192441
85283898
117519475
84846539
80598992
117538150
112607619
81650532
93865170
117520259
90637876
90637787
112593094
116765659
100713559
93766938
107389262
96816346
101255607
113341801
108388598
106159928
95980517
114531728
79583629
113511392
116938725
68479660
112740376
109931717
121422554
89974800
112678271
115232394
116765436
117519370
88552354
68464068
105009546
89797816
116971500
86284920
81358389
102456071
121544481
115124496
94427125
115096998
112713169
68483223
91024710
113683859
114615675
82915231
78266280
95410180
116769819
116828881
114505654
105479146
117925439
99801927
92673927
81330444
74700977
124118341
117028547
115313712
107813957
82625608
144869699
113628255
103382298
108325389
117093060
67337317
83409940
107117342
80201036
115211072
68464067
108238672
116983760
123769516
114530979
123243134
82917880
89405635
123319785
102062476
90240365
90294536
96777187
114986432
113627935
94427142
67309333
87792015
100477320
124041840
117022020
122139591
84937399
124229119
85873829
115308218
104230628
115096948
85518507
79407320
78616676
109814957
114654287
88970845
91757667
77776182
112633894
92926085
116985458
115008706
109906977
110082043
114593346
114630082
115274000
111638743
96777670
118598915
108502576
115780189
67337316
121412583
100350501
105336903
112634104
112598431
108618465
122081784
123649612
106450978
112615361
93031613
116828715
80200794
116828844
119692259
100713326
120266025
114482817
93359758
91388357
113339297
117541405
114651251
106631708
84858222
79600914
117074938
124121637
76544646
96778225
78266408
85432978
91806952
96195724
116742926
114753161
100817269
91287855
91246895
112717564
121405573
116874675
115779397
116743035
91239088
111254924
121540478
115285686
115017738
116938847
82907358
117295276
92963338
106548657
114894298
116798275
112349904
115312135
93350521
115684495
115319428
121512643
87629491
112729904
92910295
121502976
81358358
90657232
115521231
79581397
111044275
110195705
113338567
92925898
90022331
113664087
86655643
80200489
117293316
68449231
103536705
102391680
103731049
93506624
106553951
111417819
85284047
117520238
99802055
96816811
109140885
116804512
114487212
91353861
100811315
89967656
118264423
130685620
90751128
109776488
79408576
91985058
114495241
116769867
102385344
87541839
123808976
117066351
68479661
100519795
68275820
112593470
112349704
124041975
124226787
123826891
115275325
76544776
71445594
121507823
109188476
79600739
80199394
91002765
91291098
91022153
108778588
111887171
87424924
90045013
98070532
92941206
81658060
120252647
109510151
109676228
116939026
78748089
110783560
98369515
85243253
114604284
116986492
114651648
111036757
91024711
115209039
114614068
124244467
92889334
68464069
114919257
115063224
112119633
112682637
112722124
91790738
91321713
114735451
85241015
68449212
115332982
113631774
113761449
111088774
144869165
115081180
115795450
124557620
114753077
123768704
83072801
121415080
124220845
114481482
116852603
116810501
79580904
101436348
91820225
112573542
77860950
81269021
116972624
121422344
84608863
84971479
96816823
113511278
118004869
91347186
91267530
78051569
112723390
112573431
113754339
115222898
124220745
117931349
81329607
82033312
80414000
101748736
81330901
111087908
111261272
91801878
116705324
107388443
102138323
115232646
106625409
91388055
124209845
106820008
96777349
102183815
89967817
81330461
84319917
83667002
124209480
92903162
91820227
110789332
113344274
115139248
108590311
97575042
115543246
91001478
116955821
83073594
90294534
84471556
117312746
78266311
122126030
115778154
113664160
112742723
68143961
113510793
79581320
116765634
100444267
124047815
84676963
94427496
90751079
91239085
67337315
89974799
90213763
115097034
102100531
124557667
109823221
116704809
100990767
92926022
115224834
107437436
80415052
109820206
106451728
91771368
113465832
117025290
115207764
114639452
117931286
84844272
109548952
87424907
92963336
115482091
90213728
84635828
109514759
93506155
68280316
118463486
79581378
80905052
115311648
106464793
93783011
90587003
106908954
82907365
114876191
75681907
124575397
109186746
85228580
112115575
78615480
116751403
119719687
115005932
68336843
84014525
116988895
117533742
119809574
93031615
84846542
108318632
114629597
118598952
119692638
106544760
94729664
91239086
82915232
122139476
104070157
78588031
123826841
112729757
111636470
115680574
109182980
85684678
90045025
103434499
116183266
74700754
124230562
80690233
92673930
75681417
116522608
79406129
124137876
94730043
78727892
86986068
100878292
116798181
116620780
98030268
112573614
80201361
115144107
100476791
90691642
121420934
111901675
117519898
115212236
81358344
82910247
116844351
116552812
114486740
74535768
91580048
90907324
115015370
101587244
67337326
80978561
122081105
109052032
83885552
123765887
121408555
108519034
68332708
112730777
100352760
90115080
118482372
118028029
112593333
115110728
109052098
83406079
116552619
119697735
109557075
117298126
89974797
115536959
87803546
96816370
116938504
87419643
107027094
93359759
111990676
80619191
100353010
112096507
118639845
92906489
82917885
116812862
123243052
93507205
112738099
115311484
103067683
90108458
68336842
116852848
91388417
116705274
101818884
68280313
111283978
81658728
117070690
104230374
112668037
114483065
108744372
86649648
115795656
80199750
103384695
116873853
80199597
121416460
91579786
115712802
118506643
119705853
91834409
79609402
87800397
83409944
103732739
89798102
85518536
117925848
83668055
111218319
91790736
111096245
83665783
116180853
90907323
89518409
107354258
76544251
84503687
84856380
88357701
78748334
117519589
109769161
100806403
68464063
118023681
81330046
68145312
102411777
124259157
92674401
112751701
113338179
112110214
111037344
124055192
115011976
119706970
116992471
79582069
121550413
115096784
97769744
82625609
116522570
111288286
117065700
117933341
115009116
123755467
115777359
123809463
88552352
130685526
93328138
94731798
83665883
78051184
91971828
69125409
75681411
95980520
86153929
111638918
111380678
120181557
107820482
93328140
91757640
113338459
91030456
112366801
84236413
117307987
85283641
76490090
95974438
69127558
102100605
113629933
115211249
91305956
86650121
84258641
100807834
82619044
117293158
68325292
80616841
117092859
116552755
113371583
108494558
105894234
68449216
111903579
115089621
91825702
115272984
90230987
78266844
111871797
112593554
118264069
85874249
112106065
91579797
108743082
109304957
115521728
120839231
123770080
68332710
115210860
103387925
115228750
116993913
90045017
109138719
112578054
112106128
116846011
80200494
82033316
90587005
116857748
116620659
115193726
112363070
80200454
116957348
120260663
114876030
98369509
80200314
105528041
83405289
112620793
108797703
84677062
80414002
112684460
117544403
112349461
102016412
87273698
112668730
87894117
122123316
118610932
114609878
112144730
93562818
113633329
78615722
89804358
119898948
119719209
90761421
117240610
84609240
102836847
114633109
103088168
117038020
109188111
102131966
90327492
101433482
115684602
113513726
111097899
116620737
84844811
109663546
115773380
108316086
108319589
77596088
118618776
111632523
90022337
117932102
102862117
114753013
107286947
106464083
78748044
108501569
115214834
112593600
116751376
113629137
96816422
68332713
115521190
78747510
89800636
71539218
80685910
80200293
110068279
83666887
117066079
105296429
68143965
100851000
100815467
96192440
124117803
92673928
91287854
83261303
106432495
82910255
114875981
112739110
91321715
107645161
117298838
77596318
116797851
82619797
115334745
114481279
124213326
106598192
124143491
76490044
116765708
101999949
83408703
68143973
123773326
83261627
118506977
67307821
115533280
112096650
90542199
114689235
102406574
91820230
84866296
113817123
109138608
81724418
118634649
91264323
100090039
96817328
119694360
121166696
108796846
116966728
80596807
102737626
90907332
117933799
112603701
71539092
84846541
112597379
123767965
117519123
106162696
81280260
115134852
108987648
74713420
75681880
76489954
115683377
83410186
112597279
124259238
123766805
115683153
91321716
102100672
84503960
113698855
96777266
123319958
116852514
82619743
68144475
91239082
109907077
115230929
88552243
144891834
105292627
100089871
86642510
102167785
92883242
107124635
68449211
117519676
107224634
111990268
68293077
106597591
124043254
85873823
109569778
116844237
91801888
86284957
87822543
86211854
116995124
117520109
100477040
68464066
113630136
82618551
113354107
95975999
91806896
103397826
115792981
98369225
101798984
114501428
94729322
116742634
109803671
115109468
115681516
82488086
89983918
68144483
108561653
112680102
115712623
89797746
119692107
96777162
83409912
91772930
117253486
83260106
113342684
80200949
111045388
86005524
75681441
116620471
68449215
117541361
118023115
116982893
82915235
82917887
100519944
97812801
113760310
114594232
109810444
90214303
122086899
89967661
92910294
94427151
111101258
119691988
112352936
81329605
90637817
118265272
116554829
108506477
85518559
81650620
78747508
115206845
116967531
87436010
115228333
84853128
80416043
91246891
115677979
96032107
116993859
121383864
87731541
85874248
96777464
85469329
112608963
106983369
93777060
79039980
90842324
114689300
110300437
115712383
124247479
117097551
115792820
103723555
97582416
84635765
80416232
103673790
102672583
114614482
115679583
117541801
79581834
68148062
110786380
92981733
116182040
68479671
112751564
90214634
90327496
112636697
114651005
101263204
109931451
84608825
113761310
110782119
115299763
115128721
80598830
115109790
68118880
110805763
84848283
112742560
118634835
116939079
85606808
89800008
102448065
116552980
106990723
112137361
85283647
84469803
124259292
91971827
80619220
117078095
107622000
80904947
90755957
115543935
117519279
110977245
109808108
100809742
91347725
115771849
124226616
118035684
113638858
114481802
118743941
109129547
107511161
117545966
121542614
68281600
83409404
101462366
106419130
68144479
130686097
79600651
115010084
122081814
91834411
102544544
84677115
83295042
94501286
113661250
86284908
94222494
115207871
99802018
91248966
76668708
123809055
82488618
81329608
80745859
119887411
117253258
113648746
91239081
97770808
85241013
112361692
91316144
90243459
80616357
101239422
89799974
130685364
119875745
94224558
114637081
115481446
135242921
93766943
104058641
111750584
117519544
91022154
67308229
78727916
85241014
117062547
96817141
112725384
109931392
94729666
112368599
111404194
107816905
114763790
83406095
116773586
115108786
118471733
84862942
114610748
121411647
116522104
116175919
107006697
92906490
121423633
117038178
103530806
117306961
108489163
105478874
84319842
79581399
105560355
109771579
97770771
91353865
124145523
85874017
121510883
79581411
96777259
112616267
82488077
114629807
114531512
82023909
111260058
123649561
91246896
114651738
80771421
112712994
112681931
109178704
102157101
83665724
105580348
86645029
68464057
119897611
122578936
119878053
80977901
129574364
100092271
79600618
117293470
115113029
90637829
81269051
114653540
118477271
84635856
112131277
82907362
92670272
111412047
119715500
102004030
87612296
75754789
90002245
86983468
114594149
97911284
114753476
94237312
114504935
112349924
91287856
117519047
71445496
82619470
112104236
84844472
117925469
113628487
84236544
82619495
124322294
100713508
116704728
85684395
94730049
121432555
108378559
111416544
112111165
89983917
108328631
103406728
80201320
86647682
112141633
108889286
116846808
118060207
115197232
115058605
121552896
108998862
79581348
74700688
80771552
85469165
124228461
104418725
115055589
100858538
116171509
113631599
112131229
115771456
124055283
112141739
115483322
109510042
83261604
112577831
80617049
108989851
74535767
91771367
115806368
106417709
106663860
124314074
113345848
116798846
116830685
112596557
87810395
91790659
83494034
102450478
79407465
79581853
131742912
106418432
124148286
115219538
68144480
115332213
81330036
92947613
115736662
115215976
68449210
112724847
121396294
67304435
112686885
112593080
115230663
112676277
112621400
111996971
118010891
114761479
115212629
107016537
89967660
107815509
117292700
82023911
115005878
85684745
71445588
87422981
68149058
109433886
115142307
88552461
105477928
104271636
79406212
113338276
121430533
84937398
113338197
110804661
76668797
101453134
90542195
116770065
115069644
78728138
86284428
119888983
90751111
102370266
117066146
87419686
105655964
85241005
115307248
116770217
114598202
108509947
114594938
121436285
115193870
109692622
112349994
112689109
117550367
85284446
110910821
91579789
74713300
91985050
122445556
90657213
100878302
112349827
89974796
68479667
78266135
93506153
112357651
121897766
91772914
84503606
105310714
97577278
67304332
91388456
91530719
112607363
113629190
116742345
124259862
92981834
80690216
97951849
123244521
78728115
114593801
116829089
130685497
120899880
98030266
97812800
111039348
121396277
91388387
93562811
115070537
114505659
108591898
84853129
117985471
92893674
115532013
107822978
100350498
90542210
100860343
118032031
98030267
117520374
80199743
115196118
113650305
84470366
84665014
82063065
115304919
84866299
120136363
92993693
109877259
95228636
115096875
112609175
97769719
115231971
98740720
84469723
107871805
116872908
115337691
92952379
116968083
95228631
75627741
116982840
93777058
127541197
80977585
116769887
104338867
83492438
123770913
116966400
101430482
110202331
86284434
113338360
114630581
85684394
87810379
79408524
93359761
116938914
68133513
104319903
103836978
112089307
115135390
100713944
123818213
91246894
69127555
91971628
78616638
76788775
74535769
89797687
78728781
116770364
117074820
114650723
68344274
82915234
106955549
106969593
110785226
116804438
114735241
94729320
102536240
86642919
100806392
121536625
115196968
121515158
81330443
102847149
115543006
101264952
121558549
91388527
116993246
117241889
116620418
112577935
124133409
82625614
80366533
79407111
109931371
80685937
112717393
92893679
77873628
83665626
113454721
81330450
82488616
95643579
81650891
85444141
109575352
116880621
106909057
104425903
84470883
108907297
92910301
100523306
68332711
100850714
109774239
107808193
121436608
90842325
112615190
84503842
111260160
114599306
104569415
93562816
114530840
84848284
123649666
115770942
111875489
123809529
112682978
77838860
82907219
118265922
81273632
68344275
115055320
121563388
118052855
116883533
86285093
107447521
68144481
78266124
115305546
112685569
114593453
83260511
96818455
112593431
109822020
114623191
121420970
95982926
84263898
115219670
82915229
116772458
90213716
118622331
114481545
84319847
116814234
116620620
90240356
114506574
87894088
123764817
115684904
111086017
84853131
93507345
83260442
123773715
107327642
68344278
86650053
68144478
105893717
114764198
91039107
68143969
76543982
94730044
109659062
78728236
96818183
108501527
78747980
112098580
96777557
91388098
130685564
102153664
116743067
85873824
68342234
82619113
115124439
118476751
83665644
96777463
86211887
94224561
112717424
123763350
92947611
91250826
114630173
96777261
112114970
124576649
92674402
114486685
94237310
80978523
117985849
90002255
122139150
91985049
89798136
116982663
87612191
114753335
112577897
91275440
100713772
100869133
124042908
82488074
67337305
68091578
82907361
85606767
109692508
124135140
100806135
116938533
68166221
84676976
80199998
90002261
100878296
101811227
90002191
91795806
83260080
90842318
91305957
115221625
112119488
115305928
100865044
85444232
114761514
85243251
122012560
109774635
83261926
112668144
100523394
68483219
103250154
84665006
112722052
74701391
114651136
114655666
112725989
116846869
144870236
81269091
92993696
84854755
119686700
111225853
108321008
119291944
115678811
90240361
109931310
123650150
112668279
115124468
102017378
121548139
116833462
116873141
83260669
116772133
110312091
117538057
110799243
77596245
74700818
124135157
81658024
115220060
96012742
93507147
83073644
89539968
82618428
78587853
87822577
114606114
115015496
116552528
100444414
111905052
112359284
116742498
117533939
107181510
86806425
81330888
115729062
115211449
96016727
115805700
90115082
107090813
68336841
104569828
119291920
85606735
113351312
124047636
84844275
130149101
100476803
86284212
90761424
84846589
109526040
117519428
90327495
82033317
113439327
81724423
117539557
112713131
111236534
118263422
107227714
100314837
91250828
116989095
103724585
115520390
116620251
78616554
91815119
90761425
103681269
99801633
90240359
105894000
81330886
91261554
113341993
94370385
90755955
113458367
108325434
99801833
115680042
116770035
115209168
112681373
111634991
94427141
117307101
91254989
83259781
91771369
113439395
89539966
84236415
114503322
115263863
116881001
85243252
108585585
92968934
115481341
114503780
119719563
93783025
104627858
78728178
109764583
91016571
124206093
115482170
91004203
90637822
115272761
123775361
108911636
115124620
83409145
96816639
102015710
119899562
95235902
115792860
112620845
85685072
130685238
112667951
91253264
84859462
108889430
117093027
96777360
90230988
102406378
89804320
77870888
84851608
115124493
112624873
108904618
116798128
100444305
90108461
113631185
79600726
113756028
116979396
121549151
116522702
78267137
117307478
124314797
84851628
76061140
112636056
103382445
67306635
76544759
115534097
67306632
114495192
81358423
91395800
93562807
90108462
124252417
68464060
111039081
108798803
124313744
108600977
112620761
115006495
91750981
95235858
85284419
112579876
78747511
115851330
97575011
112114920
85684699
123827070
94729667
124313714
114491283
144869712
101259911
106662698
106804452
90214288
108517262
112610373
112748117
117927637
114630650
112139075
84844479
67337310
85519234
108520062
117307232
107608126
91020977
116991992
114653445
95235866
115334379
107178018
85685230
114485935
113439213
80200957
104860058
68298209
117520615
115533184
88357772
118626219
90287585
91019404
133267410
87419654
124227628
103105088
115521494
85874015
112722201
119880910
77776305
115132906
115284051
124215905
116798375
109701402
124136606
78779955
89974793
79580967
114876420
112573572
108371396
112611822
106733512
115200563
111412822
91291097
116704962
81658198
94730045
95976010
122139151
117085801
120898989
96208736
116997666
86657797
90220546
68298224
116874096
103445173
68336840
92670274
84844703
115054339
89518407
113632184
91795804
100878293
82915233
103382229
117082497
105616434
116828926
107652013
123809322
115209708
82488613
116742983
112722006
123809409
114504434
87629808
115807825
112577989
90287586
68292017
86284552
112635304
91261560
92947614
94501380
88552244
100347949
115306522
103395774
84609291
81724421
80199383
102018137
124576674
106597949
78616115
68464064
82916524
118005033
68144484
93328137
91248963
78266758
97574627
114593532
101247667
68332705
118598455
112747793
87629847
80414005
114505694
87894229
116705070
121557291
83260573
90214628
117066357
109307285
113468394
114600065
114921072
109436180
91248967
103654981
112618109
116853838
116620485
115111839
84844484
105893868
85228585
75681486
100815498
124313688
79581422
101996306
68325290
115339397
133267380
80596853
101814710
96777206
124203553
112684714
102160493
93353712
90755962
96778192
105349444
118598204
121566775
102949574
116742792
117239377
119874316
84470368
91801941
121409140
114594406
107186527
97951848
108308892
123649866
112621174
84844810
91301002
115769127
81273653
91795803
116521612
106977306
91971824
92993695
78616188
93766936
107103877
114505753
117110885
112634036
107000821
78747513
80366532
82915527
81330889
112688025
92963333
116798466
109175479
81330902
79582078
109435814
69191193
108606148
102529850
83295065
68281599
91243572
112752460
112598869
80199794
112671782
78616715
114485128
107456540
93777057
99801912
112611794
90761423
91239084
111287471
106627239
112368675
118005166
107097135
91806886
115273952
105317843
117539474
114501194
67307818
111393927
91815117
96817064
89603960
117292839
114505866
118049500
115521871
106413316
116770400
112677546
82910239
80771430
111036717
101250309
85243257
122084568
114650829
104825187
96016729
115678509
100862524
102534557
95650145
97936241
87500228
87620654
80904645
117533959
115009481
90907327
91757653
117239515
121548768
101255617
84635850
113819834
115223211
112618848
85469333
123319729
115069005
91300999
82625852
130147414
117312829
90220444
120263428
114769369
113633600
117546034
93562817
114655905
80415015
68295684
110790591
115266420
102157248
117533820
112127268
110915208
115687064
111635805
109548876
113350263
95410177
67306630
111210673
85685395
89539964
84665008
96130717
115313148
86466331
90002230
115273750
97901505
89518408
78051570
87800401
115521028
110199058
68464055
96016726
67337311
124259095
89405638
97770087
95228633
108494198
93353715
113630296
108584804
82488053
122084243
100477223
100865087
92670276
117985838
116852256
116521877
68144470
91300932
91275436
83408638
81650491
68166219
83410213
117519228
103653756
118467703
68332715
115054496
113339347
123767234
68464072
92670292
115534702
118472381
103930028
94224555
116808656
109812565
106939787
67306636
90230993
100336809
121396248
87547150
94222496
97770187
87791947
94501464
91353864
124143750
114493728
110195653
102378190
123755380
91020978
98369214
101650216
124239083
68145307
115311053
106169621
115124338
118600173
91019403
68144486
96816656
124149298
123809303
68133514
90214309
68144471
96777374
68281597
116775242
75682233
90287588
107019542
121549252
112624933
80199421
112713032
118604218
80977946
107815230
81330895
111418442
91256578
116978836
98369541
92947612
102667280
91801873
95651328
118599215
114769878
130685417
100522471
112736339
91030437
67306634
91825817
91256573
90327500
91795047
113655012
90587006
96645454
115314289
86657742
80685923
79580533
97770906
112361011
115711749
116937816
112368624
89797659
98151606
87612367
90213984
92883244
116797880
78051847
112634048
68332709
115131124
86284837
119864395
115520933
91040362
68293073
112120539
120248365
113762560
112360996
114483547
80742732
91807068
76764135
91267529
111419612
118625627
112369612
81330043
89967784
113345030
93783013
115090133
112622282
82063068
115136415
112668579
68128718
118483841
107102818
108745737
80201342
114629688
114610153
90287584
85429110
122079633
78727949
112613141
84844574
97901507
116988025
116986158
112115684
109931224
116797973
103249809
86806525
86284519
80200318
114506227
113633401
100860253
117239478
84658802
81724417
78817711
96817056
91267528
84853130
101430444
117239574
102690183
104632640
116742679
144870181
77596083
106012331
113343024
91248965
85284563
78727973
118014880
79407197
91019405
79581656
120261634
91347684
81280231
97575038
76544145
115072340
113632062
116743092
86642971
89518414
119892070
116855902
115008578
86466389
68144485
77776257
115229094
121535232
68483220
114487058
112748466
106957191
90214017
121552868
114689449
121380026
81650346
84635769
117029306
89983913
124126386
101416855
113633459
111037384
122131303
115718845
84236606
112096700
81330044
110003904
91750837
90657233
80742733
121540471
78051176
112677818
112361840
84320004
95228632
87434717
105018721
76762173
102563910
84665000
77776278
111746415
116980081
68144476
112593577
102843674
118621479
96817620
112745379
91773010
109401627
74700970
121421672
68144474
115306993
100858626
123650366
116989368
115009677
109877347
109812088
108632864
119689549
91248964
81329600
79040135
112593343
91820228
78728301
90214022
117251840
121380676
115794498
95651563
117245497
112084478
90842326
99801734
118014637
71445491
68128716
91347695
112737351
77860992
92993694
104421544
116881574
90657216
91347659
90022334
117533872
104374984
102100970
115806539
114876221
87620682
91971826
121536473
91347758
118045519
116835156
79600575
115199198
114655240
96817160
115208907
118600633
112596501
91566805
118624632
114752925
78728279
68912021
115070017
101650470
91267531
115520616
81330455
91530669
111896391
124115311
87629401
96816845
101578494
123243084
91316146
96777892
114650798
97951847
87800338
76543116
91834413
100811256
115328390
84844274
90542196
68479666
89798031
83261225
94222493
87419671
86842385
83261791
116521744
116797991
90715874
117926480
123755546
78728225
114689185
115124370
108052933
110786450
100092269
80200665
68295682
76647990
114986297
112132487
76754864
108505272
101051676
82619025
112136105
123650664
90715875
120181507
87822532
80201117
111677560
111879088
100314704
108904680
122079262
107608106
67304331
115522037
91254993
91388375
68156494
80200672
92947610
90755959
107634379
99801853
119899176
98740656
78266163
91566802
113633145
81330896
79197237
84878699
84937395
67337314
113633302
81650930
130685456
91002764
95976641
112615846
117935238
123775008
102462546
97579673
84609170
124230498
109941048
81650878
87612174
115230182
101815093
115017514
100314741
68464070
84878698
123749012
87803518
116772735
107389083
90022335
100860528
76648222
115312557
119807889
115262961
112746486
100352787
86284647
90045014
82625610
119694846
124220642
103248396
120181927
67309341
91316147
94729319
91580045
114500883
112678633
76543926
122124311
89804408
131743008
111633376
93350523
96777355
117078168
120181529
110819089
119864184
112675090
115711888
115333898
118385174
112365134
101807332
82618527
81269035
115144351
113359533
90637830
115053808
110801087
104691785
115196829
89983914
106514454
124129616
80616939
113351108
79580886
112603640
87273697
93507341
121397335
83259728
83405342
85685402
110202210
80904830
115798724
85283650
91530667
76647957
71595605
97936240
116938927
117092753
109426440
113817526
80690228
116817695
92952384
121513101
114500813
121414314
117062615
101743176
86986065
74700673
118736586
107635902
112119697
115069206
68275011
112133232
119695139
112682703
109569859
112607510
80201351
112593954
102729957
115196688
116770415
90045015
112685865
103647447
86284454
81330894
90045020
91261562
108921415
94728832
93350522
123818482
96035379
106939910
100531048
98369199
118011433
117295361
82488054
115212951
114500985
115850998
96777642
90294535
97574552
93506157
106512891
114483779
104618333
97770240
106012293
112129020
82916523
115005982
122135365
112597708
105007311
79408366
118050469
118480275
109432359
109819567
84844695
116059733
115309493
79580921
115199920
112607678
107103347
98740654
121420092
102687456
91002763
92670275
115013204
84844579
113816807
120811470
119696326
103836846
105637609
122126121
91807064
92981868
97199212
96817070
123649772
91275438
97913580
115308119
93766941
117066416
85283526
115812625
121525141
112349506
91757638
110173173
109570021
82618229
78616171
86284608
120833205
91815118
113631385
68143960
77596236
116522158
110192763
114724006
107424103
82916526
107446891
113630939
94237308
115006865
117082648
76061139
117519116
115096890
124314823
102100718
82488070
81330892
123764881
93777061
112618655
110190749
83492911
112681824
98369487
96192457
74701269
112107866
115214521
114531097
118471765
121513643
84937396
116059173
112138004
113694052
117519012
85469326
84609195
91750833
109569940
76061142
112577919
82907360
86983455
82023916
82619493
79040012
68148059
115480772
112612516
86657749
114654482
102385605
84236459
113338597
108975822
115265631
113817414
135244017
106939725
89983916
91771362
110073607
78747506
100522745
80416217
124208924
90220488
115130087
84608832
116173363
67337307
106198947
117520177
97199209
92889303
115193515
89967889
91347183
112102439
67337323
83262032
90751101
75419108
68143967
130686042
102063056
101811142
93359763
106456669
89797684
116743332
90115086
89798150
94039866
100448876
100990780
117092934
117070828
112593128
107283501
89405637
114593470
117317823
105285095
115227285
96192456
117019905
85432977
124259327
121432919
79582147
78728796
112611655
80200969
130686214
116173534
71598353
115737991
113511331
112139740
101051591
79580603
116970455
123771361
109907089
115229865
91275437
78826573
67308227
74700783
85685025
96016728
82910234
84866297
114876078
115303710
68143970
90108456
84503611
108518442
110787500
94224559
109569913
109407673
90715871
113468350
97772282
82915536
80199576
91243574
110308885
111255146
92993692
130752216
87273699
80742731
81650582
67337309
115141789
110180116
85684396
93031617
113631232
90637797
122132823
113371517
117519622
123809181
116798545
116552673
106416697
108876210
117096907
101051000
118736349
114753370
108500425
82916521
116985971
124259492
85228578
68149056
115535175
96645455
83261247
114593952
84319949
84504014
111122539
103648121
115124548
115129950
114594012
119808556
112106143
116522280
86649812
81650937
116852471
97936239
112104213
115015717
115711162
116175803
87792213
115053595
111214844
114875917
92952378
68293072
107268975
124139592
122127704
105026774
68292018
113817239
113439406
87800376
112349892
84236519
112096581
86655592
79406996
101910967
91795043
87547152
101821119
116938765
113338283
115005624
67308228
97583557
115016508
80199511
119712376
92968932
86642565
79408226
111389110
74480894
94730042
83260454
102165802
117020928
78727876
112610225
115262662
67337321
116838688
111097804
92883246
112741479
105233914
112606671
107443127
90287590
79600590
82618183
124220676
116818039
97771052
112611706
91790725
83492508
91001474
80200964
79582108
91301000
115209836
106664363
112366561
112593143
114608682
79600789
90751161
116620335
106160376
117930590
104638957
88358656
85241016
68156496
91253260
100807091
112089538
116846456
83261912
116765528
83260475
100713410
89405639
84609161
84858137
109180891
82023915
109145793
115337094
100314805
118265480
108549506
110071711
88552460
76648192
91004205
116882246
114488654
76648223
68143963
93506622
86284785
118385647
93507407
123809123
85429158
95228638
98740721
85685590
81330060
68143962
91300928
95635580
94039905
90002316
112098616
93865168
118735900
91750830
111678272
119889856
113641975
68479665
105527959
79406348
112634962
116811215
119714455
76648204
80201313
86642506
101050991
96817820
79406303
119686580
116770316
115851481
113371593
119686658
117298279
113344292
115226427
101823982
129001666
115736474
82915241
84677009
123650316
114876129
83405292
97199208
114611280
113372100
122138684
113353720
83667482
114481455
115711377
107652085
83409031
81330041
92903160
110083004
82488082
68483224
80904956
106800818
110179967
112102432
96645453
112135768
67307819
85469169
107495900
109437213
118600361
76490239
118626859
114700268
85241012
85228579
81724420
121417916
107097318
88552462
116996374
74700991
100713828
113628130
96777298
115231271
101622894
84259121
124055296
116855303
107633841
90327498
112351880
91395803
74700916
124318359
112349551
95974350
89797857
95635579
115053974
68332706
91291095
115678653
118472346
106961629
86285106
94222491
81330042
112126177
114491726
68275012
113631965
102675610
110068310
101804298
123810151
84608788
111411280
115008379
115851150
117519158
119893358
97574613
87810374
113454671
111898650
95410181
90587001
76544662
80201261
82910237
79581700
82488611
107660892
82915230
81658115
123320046
83260049
79581626
105642421
91388398
117024454
110202972
117306919
106665426
121558605
90691639
83261198
90542198
116938963
117520146
85001491
83409430
74535770
117932520
91815123
84865050
124557811
68144469
107625542
117062399
83667603
91777385
109899248
83260041
119689628
115532641
103730976
88552351
85685357
81330456
114503731
84609333
78267166
106785447
83073614
90230990
91795046
117034449
110304377
91243578
111036635
115337480
112133147
118378782
81724584
93031616
83410223
86139128
116704590
90691641
116852541
112140726
117931506
83408612
106975827
75754723
117519987
81650556
119889923
78728801
68464059
109424266
110069444
117239279
84971481
67337303
86642555
82910248
69191189
122084537
112362122
123766518
112607588
83408679
109143062
105486378
69127556
108910825
117097042
102406432
91250829
115520760
85228582
115480883
69191190
81650257
78728874
76543904
101586808
100712643
116775763
102178902
112674665
113373762
115128024
89983912
77827815
107271780
81330454
112677330
102020426
102015063
116522593
81724432
114597177
117519499
100519933
91287853
97770780
94370386
107034337
95635578
111878217
68344277
112746712
87792073
112131314
101448680
107961356
83261354
118736096
117536640
79581669
102169723
81330038
113659210
71445591
94222821
112364928
114763996
124147793
115130863
82023910
107282638
116742772
119690458
83885535
124259046
90586998
74701407
78728751
115210238
112623776
116854590
105308591
96208739
116853052
116380322
124041865
113347990
68479659
90214299
68344273
115793067
103401213
90327493
89974798
84609251
124312277
90230989
100476526
115230424
123243306
116982809
118654670
109512688
122127356
121388469
121430602
91040363
119718122
115480975
112107895
116797841
76788408
113466038
107673557
68143964
115305876
114531436
113457424
117070553
114593743
99801607
116774903
83405075
84608823
116828782
86983466
102563310
91019407
91246892
84270486
122442509
114900180
84846588
84236541
82618367
90761435
101586708
106955625
110784151
114504057
83260602
124208958
117295415
115054084
83409017
84259131
114477770
107099503
82033331
109186596
114650591
100477378
82063064
82035086
104617961
115305584
112098826
97813902
107441123
112609026
82625815
120281936
115227135
85283925
95410178
113631916
103660079
68483217
78748332
102406392
86648234
115130279
112134616
112140175
100477203
85684398
81657970
115477382
108061847
109143959
115307915
109177296
67337306
115712258
100336811
89798165
108381335
96778217
84844702
97770091
112751752
84878697
116938100
78768224
109811078
121515978
80745854
109052399
108588848
78748003
114485394
112751423
115790044
106511145
83260646
96777649
119710044
115014282
124123566
98740718
122126891
98369269
96777364
115220203
111287409
107100975
96208737
89967846
78811044
75681209
111677648
81329601
114531700
127885307
98070524
84844581
97577277
90327499
89873684
113630863
130685652
123811454
112604562
86284867
116059637
118736036
117239329
85444139
81724582
112593532
118110515
68143968
112612555
100713899
124218357
82619761
112593225
115712115
90842317
113511190
80904758
117519090
117312696
83406106
123649813
123770326
108509959
83405247
103434213
89797790
130686271
108883137
86284900
113338208
115055085
102001023
121558527
124123490
121540491
68298214
76543372
112681770
98151611
117520872
81277566
90691640
81650916
111234108
82488069
80742734
91291096
84503789
124126541
106460813
85874016
112145881
102014872
124213203
119894373
80598804
114486791
107875710
92892164
86005499
116966936
107388599
91261557
124230589
92901224
112104281
68149055
76647950
78051508
90907328
79406929
111726016
92963334
76760769
115211544
77839420
100713696
102837076
79581405
81650896
82916522
133267433
107503554
92673929
118011083
107286215
115217444
118636159
92981930
112729408
79406288
116798246
87424900
81330039
110202249
130685910
116797903
86139122
110910687
115193325
86655625
122084270
112593184
87434773
85243255
106464015
123243217
107621890
104212691
116743045
115197392
115522160
123771652
114599744
82619746
88552241
116552571
124227491
115312007
76669000
92877697
68464065
101247954
114629880
91772936
111634488
83409049
82488051
68479668
116986835
115111160
112681087
118662597
108574307
89798098
117534018
124240149
117085735
112677680
124259117
116799219
113817294
114596461
113439237
100868715
86005707
114487238
112120573
83667630
117985323
94370494
89603926
85284710
113345995
101579086
102406466
94222492
100347955
90657197
91757646
116977398
110189069
68128717
84878696
97812799
94731794
121423124
122132022
115678081
114593942
84470369
112573473
96088688
116845942
97574650
117542533
91750931
67337318
100092274
123650168
81650888
93506630
100808396
116954489
115480666
91750963
106598094
118463433
91815116
112141445
115228470
114634526
114650872
116936283
74455766
76489910
119719308
110185781
80616404
85606614
118042292
89873655
123319999
91305958
114613804
113631893
131743139
112132177
82488076
113356197
68275010
113342197
115537620
117092944
101607205
81330035
115234292
123775573
112092012
68332712
111420695
93328141
90287587
116938612
106787319
91579784
83259973
123772338
81658037
130615175
119693245
93031614
91801889
90242826
79408624
77870366
92968935
119706163
96777860
96817853
117306861
123809922
86657762
100090148
118661001
91300931
109051516
98151609
111217154
115532576
86284720
91566803
92925993
115680350
114651456
113338332
117544485
90586999
115273056
76544231
117239456
116770003
112096714
92941209
124317901
121387214
115738083
90240367
115124575
68299300
118506856
114876277
107233963
107442923
116705036
75681422
115543969
115131752
124198802
110787150
117544789
91825727
112594354
106662714
122129812
110312011
68145311
101591302
91316148
91530717
96777667
118599763
76668729
118738202
84844699
115525142
91820226
89967815
115054179
110784286
117347406
90242805
119892473
97582415
78748323
83492851
115134068
121419507
96122677
114593263
112672028
103434337
113631047
96778157
78727856
121552162
87435976
114491247
124047590
119865430
122136727
96777522
78747512
107973336
85518598
101990948
78728795
96645447
81329609
67309346
94728829
82023912
109376022
112089557
111678917
94729116
92941205
86983472
118606316
91243573
104282948
82488610
87547149
116937772
82915529
83260122
111259350
92877705
94370384
81330898
68156497
113338530
92941208
87541838
90230995
119875012
124557598
118465260
112092451
85519331
123247326
91287951
84848290
90214294
112633978
108875488
90842320
117538107
109409885
112603603
84854758
79581728
110199039
112366765
106450770
90751158
121406827
112349653
100090345
106189919
108804861
114595041
97769735
90294533
83260638
96777492
115532443
111975426
114483519
116938676
82035085
130685174
75419113
84844809
80199764
116742392
115197314
112634483
124215942
114735199
113630401
92877945
118004839
103466424
111079366
87731582
114763929
100523127
114612897
100476533
114593432
100350500
91022156
88552463
102369258
68118872
79406222
78747509
92893680
94729318
113465909
68464058
91300998
86284461
115273083
102348217
82033311
115308769
83259930
90287589
82488615
97199210
84609262
80596839
112350292
68483221
117040050
91530670
86139126
91795045
113630797
113338708
115235148
113631109
112607396
102062074
82618618
115809400
130685224
94729121
104316885
90220550
103460977
100522566
108504376
84862940
116173472
101050576
83408682
116746226
113697038
122086101
103656278
124146581
97770085
105105779
76061143
90294538
115200316
111274005
91267527
113454635
77776149
83668092
114486804
119686503
116520866
82915526
107800191
108188755
82035087
81358610
82917883
115533945
115792913
122136550
116750612
105245319
115272813
115713691
109815730
109427599
95410179
115012109
114484872
68295689
115521809
112136780
115225027
82488620
116552793
92883245
115521439
115227457
115229369
83665982
122442534
91030388
116806687
68912019
85228584
108008033
84270461
68118877
117092814
120241225
91777379
94729321
91243575
75629876
94222824
103382704
123649963
113339269
82619272
82625820
112142174
68280314
100869139
80978199
106069385
91388117
119712938
107117406
118741249
112593561
101247543
117074747
121562537
102183780
91985048
82488614
91321740
77776191
97813900
82907363
114651324
84319875
109857096
115209299
84635789
118623237
101247562
112681856
81724580
117317917
106820086
68298210
68145308
67306629
111422397
83666948
91267534
119716623
82917882
115054675
78266754
121552445
80415001
108875625
78266887
84258625
113629268
96645450
82625611
114655951
86806461
123809478
97583556
100089837
124227526
115196271
113338243
102836332
68464062
117541596
116775452
107120370
92893684
117312663
102007796
114652808
68912022
112349738
103382628
94039865
103929875
101795558
112603546
90220503
115057570
68483222
124121585
82916525
87500245
71595606
88552242
84665004
127890895
115119380
110819541
90761428
114753431
81650893
82618871
116769936
110811461
86139124
76490685
81329599
114763966
78728948
113651022
87424918
118478471
109183918
79197300
105296099
84469725
102532601
112741245
116982574
112667651
91039104
109692720
112682741
81330890
81658193
117519848
102687565
109435999
94731795
84856382
117519802
113628044
114875876
114594139
117306888
82619502
115010163
92963332
113366183
94039870
68292014
116812539
114763821
84859463
118623014
114630532
106458287
115062346
98070533
106798665
87894066
123811968
100878291
108904771
114735581
69191192
109051944
116938210
109660058
112144899
112364888
89967659
112726310
85444140
102175981
120181771
117985347
121380508
92910296
80745857
103678688
113515054
83405316
112615139
100808984
90022338
124043257
111036588
119714818
68143974
120136228
114735509
109649214
119721408
121422952
124223290
118463339
86650083
115333418
93507352
115142574
121170802
91039106
71445488
113338744
81330460
109569794
81330040
78051133
123755402
113338293
123773911
81650521
118049113
116880094
115806163
144823309
68295691
85228576
83667684
85241006
79408331
110068681
85432975
89974794
123809098
85429130
110187633
100712629
114500764
117093213
116770288
113355896
100090246
83665953
83666855
92674399
67304328
83668141
123818156
83410636
116936256
115205414
110307846
112359092
114650934
115096804
115792879
118463348
114493444
110186519
86642964
90691634
108985085
83409409
68145313
107822196
121425063
114500620
93766939
83260470
117552594
116868880
91395806
118382008
113352398
107433590
82487995
127541147
67309339
124231125
100522757
90755956
76763836
68133511
115780942
115208807
91275464
123243019
95982969
115005852
95635576
75419114
102953828
117520412
82488619
97772286
85228587
96645448
94237309
91040360
81277573
117542076
109051652
107355369
76543259
121178885
115009876
81280241
84844273
91750920
98740653
123319835
91580049
107479668
112731755
89967835
107975633
91011079
106078168
76648206
123809203
114604619
114735297
68449213
121415314
118024468
109439812
82063063
68144472
116774054
82907364
121552109
84937394
103809992
112594221
112579675
117094462
82035083
121413577
86284191
113371707
109173420
124206356
113354837
78266227
114629743
117306939
116620178
122135324
115533981
120844071
117536020
84848282
83492625
78266360
102666108
71539143
78266501
106663287
110825400
67308226
112110339
112135431
115782564
81650519
90115081
78728914
119883246
90755961
116983102
78266912
111752030
100814718
112093284
86285151
84503678
120249332
91825709
73379579
90637753
77869803
112137259
90715896
112598283
116828800
114489520
68292016
83492372
68148058
83072853
101051449
113510900
101248018
96777948
113338653
116770167
114592977
116857674
115521578
84677125
82917881
76754674
117019457
75419107
91275465
97770096
86153986
114891800
91011078
112106075
109666736
106536461
100523121
113338314
91806937
120282043
76061134
117307144
108992291
96818176
87629237
68143966
91250825
89974795
77861102
105106207
115229478
112593293
96816678
121168030
110822046
114506104
92674398
67337313
98151608
115333136
109375980
80414003
81650506
114656460
90022332
144870171
113455026
109645501
115685055
116769962
87500397
115229235
117295508
91834408
116812289
91264324
117535507
114900356
91834407
117985939
90637792
124134821
121389232
91777381
115008825
101416831
85228588
131742879
90842328
100878297
87434652
104886049
112135274
95974200
101050741
110181187
91246890
114891603
97577276
82488084
81330037
115312731
117543699
114735344
78051833
121430619
84014526
112749959
116816943
81269056
102671425
100090452
108354691
81329604
95643756
107673763
114488273
103730879
90715872
115127205
85684728
115193418
76544694
89804442
81657937
90287583
115016812
81724586
111896432
97770198
113650383
117093236
117315095
105014014
116554849
78747507
90108460
84319874
91011081
84844482
83260539
117239355
94222823
111274141
118003844
92926116
107181461
94728830
91971825
104069385
91256571
84868546
112107917
115544258
84014527
117312587
99801704
82063066
123809152
89967836
68133512
114615404
114763657
109899154
83072793
91305960
95235830
82625612
115521946
105350186
112349795
